epoch,loss,accuracy
0.0,0.2484268695116043,0.5
0.0,0.24945205450057983,0.5
0.0,0.24932558834552765,0.46875
0.0,0.2518925666809082,0.46875
0.0,0.251524418592453,0.5
0.0,0.24154168367385864,0.53125
0.0,0.2335413545370102,0.5
0.0,0.2541516423225403,0.46875
0.0,0.25687456130981445,0.46875
0.0,0.2567383050918579,0.46875
0.0,0.2526151239871979,0.46875
0.0,0.2547306716442108,0.53125
0.0,0.2534763216972351,0.53125
0.0,0.2509874105453491,0.5
0.0,0.23849955201148987,0.625
0.0,0.24757593870162964,0.5
0.0,0.24924275279045105,0.625
0.0,0.2538371682167053,0.53125
0.0,0.24566993117332458,0.59375
0.0,0.24846458435058594,0.5625
0.0,0.23995018005371094,0.59375
0.0,0.24515175819396973,0.59375
0.0,0.2538538873195648,0.5625
0.0,0.23912233114242554,0.5
0.0,0.23680177330970764,0.53125
0.0,0.24563083052635193,0.5625
0.0,0.2430553138256073,0.53125
0.0,0.24830502271652222,0.53125
0.0,0.2585368752479553,0.46875
0.0,0.2423621267080307,0.59375
0.0,0.2421858310699463,0.53125
0.0,0.25336840748786926,0.5
0.0,0.253204345703125,0.5
0.0,0.23298625648021698,0.53125
0.0,0.252041220664978,0.5
0.0,0.24955642223358154,0.5625
0.0,0.2560936212539673,0.375
0.0,0.2475135624408722,0.5
0.0,0.24935072660446167,0.46875
0.0,0.24577558040618896,0.5
0.0,0.24001163244247437,0.5625
0.0,0.24769942462444305,0.5
0.0,0.24485735595226288,0.5
0.0,0.23830272257328033,0.59375
0.0,0.2444310486316681,0.59375
0.0,0.24402128159999847,0.53125
0.0,0.24595478177070618,0.40625
0.0,0.2482733279466629,0.5
0.0,0.24597647786140442,0.5625
0.0,0.24807904660701752,0.46875
0.0,0.2521025836467743,0.5
0.0,0.2468884140253067,0.65625
0.0,0.24304328858852386,0.625
0.0,0.2487635463476181,0.5625
0.0,0.2425275593996048,0.5
0.0,0.23662756383419037,0.625
1.0,0.24152180552482605,0.59375
1.0,0.2529796361923218,0.46875
1.0,0.23923859000205994,0.59375
1.0,0.24333134293556213,0.5
1.0,0.22944670915603638,0.65625
1.0,0.24309894442558289,0.75
1.0,0.2510054111480713,0.59375
1.0,0.2313557118177414,0.625
1.0,0.23616576194763184,0.5
1.0,0.24067513644695282,0.5625
1.0,0.2396842986345291,0.5625
1.0,0.2480023205280304,0.46875
1.0,0.23980849981307983,0.53125
1.0,0.23783549666404724,0.6875
1.0,0.2355063259601593,0.59375
1.0,0.2465905100107193,0.59375
1.0,0.25458627939224243,0.4375
1.0,0.23942315578460693,0.59375
1.0,0.24049027264118195,0.5625
1.0,0.24217212200164795,0.5625
1.0,0.23786047101020813,0.625
1.0,0.23711559176445007,0.59375
1.0,0.23636925220489502,0.59375
1.0,0.24950644373893738,0.59375
1.0,0.23459798097610474,0.65625
1.0,0.2390335500240326,0.6875
1.0,0.24753910303115845,0.59375
1.0,0.24278287589550018,0.4375
1.0,0.23435188829898834,0.65625
1.0,0.24839574098587036,0.59375
1.0,0.24438691139221191,0.59375
1.0,0.23688825964927673,0.65625
1.0,0.24798554182052612,0.40625
1.0,0.2386792004108429,0.625
1.0,0.2322196066379547,0.53125
1.0,0.23730146884918213,0.5
1.0,0.23550938069820404,0.5625
1.0,0.23380719125270844,0.53125
1.0,0.2437286376953125,0.59375
1.0,0.23491153120994568,0.46875
1.0,0.24366940557956696,0.5625
1.0,0.2431471049785614,0.46875
1.0,0.23740030825138092,0.53125
1.0,0.23806113004684448,0.625
1.0,0.23001280426979065,0.53125
1.0,0.23951813578605652,0.65625
1.0,0.25143375992774963,0.53125
1.0,0.23611193895339966,0.5625
1.0,0.2424430251121521,0.59375
1.0,0.23536056280136108,0.6875
1.0,0.23186703026294708,0.65625
1.0,0.244179829955101,0.625
1.0,0.22009755671024323,0.71875
1.0,0.2420600950717926,0.59375
1.0,0.23923051357269287,0.65625
1.0,0.23467740416526794,0.625
